-9,995956E-2;-1,081619E-2
-9,894259E-2;-1,075587E-2
-9,795699E-2;-1,069751E-2
-9,694018E-2;-1,063782E-2
-9,595599E-2;-1,057968E-2
-9,497174E-2;-1,052229E-2
-9,395440E-2;-1,046302E-2
-9,297163E-2;-1,040528E-2
-9,195589E-2;-1,034548E-2
-9,097120E-2;-1,028763E-2
-8,995489E-2;-1,022835E-2
-8,896867E-2;-1,017070E-2
-8,795224E-2;-1,011057E-2
-8,696666E-2;-1,005277E-2
-8,596886E-2;-9,997529E-3
-8,498310E-2;-9,939784E-3
-8,399959E-2;-9,881955E-3
-8,298242E-2;-9,822544E-3
-8,199849E-2;-9,764983E-3
-8,097924E-2;-9,704113E-3
-7,992934E-2;-9,642212E-3
-7,894484E-2;-9,584940E-3
-7,792723E-2;-9,524838E-3
-7,694129E-2;-9,466776E-3
-7,592523E-2;-9,407049E-3
-7,494047E-2;-9,348698E-3
-7,395612E-2;-9,290555E-3
-7,293943E-2;-9,230596E-3
-7,195390E-2;-9,172402E-3
-7,093686E-2;-9,112366E-3
-6,995199E-2;-9,053627E-3
-6,893474E-2;-8,993291E-3
-6,794715E-2;-8,934874E-3
-6,693213E-2;-8,875014E-3
-6,594753E-2;-8,816609E-3
-6,493037E-2;-8,755574E-3
-6,394392E-2;-8,696870E-3
-6,295917E-2;-8,638002E-3
-6,194258E-2;-8,578193E-3
-6,095815E-2;-8,519818E-3
-5,994667E-2;-8,459291E-3
-5,896211E-2;-8,399846E-3
-5,794486E-2;-8,338873E-3
-5,696126E-2;-8,280386E-3
-5,594276E-2;-8,219747E-3
-5,495823E-2;-8,160470E-3
-5,397447E-2;-8,101898E-3
-5,295682E-2;-8,040566E-3
-5,197203E-2;-7,981560E-3
-5,095438E-2;-7,920905E-3
-4,997036E-2;-7,861584E-3
-4,895352E-2;-7,800625E-3
-4,796927E-2;-7,741055E-3
-4,695033E-2;-7,678777E-3
-4,596600E-2;-7,619608E-3
-4,494891E-2;-7,558621E-3
-4,396431E-2;-7,498879E-3
-4,297863E-2;-7,438850E-3
-4,196304E-2;-7,377356E-3
-4,097704E-2;-7,317149E-3
-3,992696E-2;-7,253804E-3
-3,890854E-2;-7,192478E-3
-3,792528E-2;-7,131763E-3
-3,690752E-2;-7,069600E-3
-3,592267E-2;-7,009357E-3
-3,490248E-2;-6,946840E-3
-3,391999E-2;-6,887069E-3
-3,293488E-2;-6,826359E-3
-3,191916E-2;-6,764091E-3
-3,093397E-2;-6,704063E-3
-2,991468E-2;-6,640917E-3
-2,893085E-2;-6,580173E-3
-2,791368E-2;-6,517601E-3
-2,692834E-2;-6,457121E-3
-2,591345E-2;-6,393852E-3
-2,492934E-2;-6,332409E-3
-2,391202E-2;-6,269802E-3
-2,292690E-2;-6,208907E-3
-2,194256E-2;-6,147532E-3
-2,092514E-2;-6,084004E-3
-1,994096E-2;-6,022390E-3
-1,892228E-2;-5,958653E-3
-1,793676E-2;-5,897420E-3
-1,691910E-2;-5,833811E-3
-1,593550E-2;-5,772318E-3
-1,491801E-2;-5,708218E-3
-1,393273E-2;-5,645659E-3
-1,294763E-2;-5,583642E-3
-1,193122E-2;-5,519831E-3
-1,094646E-2;-5,457536E-3
-9,927862E-3;-5,393211E-3
-8,942845E-3;-5,330270E-3
-7,926939E-3;-5,265654E-3
-6,941835E-3;-5,203286E-3
-5,924838E-3;-5,138836E-3
-4,937974E-3;-5,076019E-3
-3,922906E-3;-5,010825E-3
-2,937470E-3;-4,947753E-3
-1,951361E-3;-4,884315E-3
-9,320119E-4;-4,819059E-3
8,950417E-5;-4,753714E-3
1,070752E-3;-4,690043E-3
2,087504E-3;-4,624166E-3
3,073452E-3;-4,560481E-3
4,091630E-3;-4,494633E-3
5,075984E-3;-4,431077E-3
6,093071E-3;-4,364854E-3
7,077256E-3;-4,300818E-3
8,062366E-3;-4,235962E-3
9,079454E-3;-4,169601E-3
1,006364E-2;-4,105137E-3
1,108081E-2;-4,037980E-3
1,206516E-2;-3,973598E-3
1,308326E-2;-3,906219E-3
1,406787E-2;-3,841150E-3
1,508629E-2;-3,773779E-3
1,607006E-2;-3,708576E-3
1,708664E-2;-3,641186E-3
1,807050E-2;-3,575633E-3
1,905694E-2;-3,509541E-3
2,007411E-2;-3,441112E-3
2,105822E-2;-3,375120E-3
2,207430E-2;-3,307288E-3
2,306033E-2;-3,240662E-3
2,407659E-2;-3,172117E-3
2,506202E-2;-3,105627E-3
2,607810E-2;-3,036479E-3
2,706095E-2;-2,969709E-3
2,807828E-2;-2,900751E-3
2,906203E-2;-2,833147E-3
3,004649E-2;-2,766023E-3
3,106594E-2;-2,695478E-3
3,204986E-2;-2,628510E-3
3,306635E-2;-2,558906E-3
3,405080E-2;-2,490741E-3
3,506738E-2;-2,420416E-3
3,605399E-2;-2,351419E-3
3,706998E-2;-2,280550E-3
3,805485E-2;-2,212178E-3
3,907085E-2;-2,141002E-3
4,009090E-2;-2,069554E-3
4,110688E-2;-1,997642E-3
4,209190E-2;-1,928277E-3
4,310738E-2;-1,856446E-3
4,409299E-2;-1,786102E-3
4,510965E-2;-1,714022E-3
4,609445E-2;-1,644332E-3
4,711093E-2;-1,571720E-3
4,809841E-2;-1,500657E-3
4,911431E-2;-1,428395E-3
5,009863E-2;-1,357415E-3
5,108327E-2;-1,286174E-3
5,210111E-2;-1,212370E-3
5,308513E-2;-1,140868E-3
5,410296E-2;-1,066724E-3
5,507362E-2;-9,983175E-4
5,609228E-2;-9,237211E-4
5,707646E-2;-8,515261E-4
5,809407E-2;-7,759439E-4
5,907718E-2;-7,033022E-4
6,009466E-2;-6,275254E-4
6,107854E-2;-5,542109E-4
6,206347E-2;-4,810981E-4
6,308080E-2;-4,049150E-4
6,406464E-2;-3,311460E-4
6,508264E-2;-2,545333E-4
6,607115E-2;-1,800166E-4
6,709199E-2;-1,026805E-4
6,806619E-2;-2,801576E-5
6,910083E-2;3,939581E-5
7,007895E-2;1,267960E-4
7,106221E-2;2,022290E-4
7,208350E-2;2,808121E-4
7,307275E-2;3,569349E-4
7,408940E-2;4,358434E-4
7,507306E-2;5,120401E-4
7,608933E-2;5,914374E-4
7,707375E-2;6,686709E-4
7,809847E-2;7,491024E-4
7,908396E-2;8,263431E-4
8,013427E-2;9,094806E-4
8,115161E-2;9,900458E-4
8,212259E-2;1,064775E-3
8,310594E-2;1,142855E-3
8,412397E-2;1,223889E-3
8,510740E-2;1,302900E-3
8,612579E-2;1,384547E-3
8,711053E-2;1,464050E-3
8,812743E-2;1,546146E-3
8,911128E-2;1,626304E-3
9,013056E-2;1,709052E-3
9,111484E-2;1,789688E-3
9,213191E-2;1,873536E-3
9,311552E-2;1,954125E-3
9,409751E-2;2,034794E-3
9,511517E-2;2,119672E-3
9,609997E-2;2,202009E-3
9,711746E-2;2,286467E-3
9,810132E-2;2,368612E-3
9,912004E-2;2,454248E-3
1,001039E-1;2,537268E-3
1,011219E-1;2,624031E-3
1,021054E-1;2,707481E-3
1,030908E-1;2,791272E-3
1,041083E-1;2,878207E-3
1,050929E-1;2,962699E-3
1,061086E-1;3,050470E-3
1,070950E-1;3,136161E-3
1,081117E-1;3,224124E-3
1,090963E-1;3,310183E-3
1,101130E-1;3,399246E-3
1,110976E-1;3,486061E-3
1,121153E-1;3,575745E-3
1,131009E-1;3,663251E-3
1,140844E-1;3,750025E-3
1,151029E-1;3,840658E-3
1,160864E-1;3,929032E-3
1,171035E-1;4,020173E-3
1,180892E-1;4,109039E-3
1,191048E-1;4,201035E-3
1,201557E-1;4,296628E-3
1,211405E-1;4,386442E-3
1,221569E-1;4,479329E-3
1,231416E-1;4,570072E-3
1,241602E-1;4,664535E-3
1,251443E-1;4,755472E-3
1,261273E-1;4,846484E-3
1,271438E-1;4,941382E-3
1,281297E-1;5,034004E-3
1,291491E-1;5,130483E-3
1,301365E-1;5,223699E-3
1,311545E-1;5,320033E-3
1,321428E-1;5,414292E-3
1,331610E-1;5,511866E-3
1,341481E-1;5,606754E-3
1,351343E-1;5,702084E-3
1,361550E-1;5,801093E-3
1,371405E-1;5,896810E-3
1,381604E-1;5,996217E-3
1,391457E-1;6,092946E-3
1,401656E-1;6,193256E-3
1,411534E-1;6,291093E-3
1,421712E-1;6,392295E-3
1,431573E-1;6,490711E-3
1,441759E-1;6,592462E-3
1,451638E-1;6,691728E-3
1,461505E-1;6,791993E-3
1,471699E-1;6,895332E-3
1,481560E-1;6,995343E-3
1,491761E-1;7,099679E-3
1,501623E-1;7,200924E-3
1,511802E-1;7,306351E-3
1,521672E-1;7,408874E-3
1,531876E-1;7,514838E-3
1,541738E-1;7,617917E-3
1,551930E-1;7,724555E-3
1,561791E-1;7,828453E-3
1,571662E-1;7,933243E-3
1,581854E-1;8,041780E-3
1,591711E-1;8,146386E-3
1,602236E-1;8,258905E-3
1,612415E-1;8,369681E-3
1,622267E-1;8,476178E-3
1,632460E-1;8,586873E-3
1,642335E-1;8,694732E-3
1,652521E-1;8,806183E-3
1,662400E-1;8,915336E-3
1,672253E-1;9,024049E-3
1,682450E-1;9,137606E-3
1,692313E-1;9,247743E-3
1,702524E-1;9,361951E-3
1,712377E-1;9,472937E-3
1,722580E-1;9,588054E-3
1,732433E-1;9,699903E-3
1,742634E-1;9,816829E-3
1,752503E-1;9,929947E-3
1,762691E-1;1,004706E-2
1,772543E-1;1,016092E-2
1,782416E-1;1,027575E-2
1,792617E-1;1,039532E-2
1,802312E-1;1,050484E-2
1,812491E-1;1,062562E-2
1,822347E-1;1,074212E-2
1,832553E-1;1,086315E-2
1,842410E-1;1,098089E-2
1,852593E-1;1,110287E-2
1,862450E-1;1,122200E-2
1,872658E-1;1,134530E-2
1,882517E-1;1,146464E-2
1,892380E-1;1,158452E-2
1,902566E-1;1,170979E-2
1,912446E-1;1,183217E-2
1,922629E-1;1,195856E-2
1,932483E-1;1,208125E-2
1,942664E-1;1,220856E-2
1,952468E-1;1,233195E-2
1,962656E-1;1,246077E-2
1,972536E-1;1,258590E-2
1,982376E-1;1,271211E-2
1,992580E-1;1,284299E-2
2,003096E-1;1,297806E-2
2,012966E-1;1,310609E-2
2,023152E-1;1,323840E-2
2,033001E-1;1,336707E-2
2,043206E-1;1,350160E-2
2,053063E-1;1,363159E-2
2,063259E-1;1,376633E-2
2,073123E-1;1,389801E-2
2,083321E-1;1,403437E-2
2,093180E-1;1,416741E-2
2,103037E-1;1,430121E-2
2,113225E-1;1,443846E-2
2,123093E-1;1,457380E-2
2,133281E-1;1,471350E-2
2,143158E-1;1,485016E-2
2,153340E-1;1,499125E-2
2,163222E-1;1,512822E-2
2,173406E-1;1,527057E-2
2,183268E-1;1,540942E-2
2,193114E-1;1,554894E-2
2,203324E-1;1,569382E-2
2,213189E-1;1,583509E-2
2,223377E-1;1,598100E-2
2,233231E-1;1,612286E-2
2,243420E-1;1,627071E-2
2,253289E-1;1,641489E-2
2,263475E-1;1,656400E-2
2,273335E-1;1,670953E-2
2,283524E-1;1,686018E-2
2,293373E-1;1,700632E-2
2,303235E-1;1,715332E-2
2,313427E-1;1,730695E-2
2,323276E-1;1,745578E-2
2,333481E-1;1,761064E-2
2,343352E-1;1,776097E-2
2,353536E-1;1,791751E-2
2,363392E-1;1,806904E-2
2,373594E-1;1,822761E-2
2,383459E-1;1,838127E-2
2,393642E-1;1,854015E-2
2,404159E-1;1,870630E-2
2,414024E-1;1,886225E-2
2,423890E-1;1,901863E-2
2,434074E-1;1,918205E-2
2,443935E-1;1,934042E-2
2,454115E-1;1,950383E-2
2,463993E-1;1,966444E-2
2,474186E-1;1,983124E-2
2,484044E-1;1,999265E-2
2,494234E-1;2,016130E-2
2,504108E-1;2,032541E-2
2,513969E-1;2,048955E-2
2,524159E-1;2,066044E-2
2,534016E-1;2,082739E-2
2,544231E-1;2,100001E-2
2,554076E-1;2,116883E-2
2,564269E-1;2,134298E-2
2,574125E-1;2,151417E-2
2,584327E-1;2,168992E-2
2,594180E-1;2,186186E-2
2,604376E-1;2,204069E-2
2,614231E-1;2,221453E-2
2,624097E-1;2,238905E-2
2,634267E-1;2,257081E-2
2,644118E-1;2,274751E-2
2,654286E-1;2,293207E-2
2,664132E-1;2,311068E-2
2,674306E-1;2,329520E-2
2,684146E-1;2,347562E-2
2,694320E-1;2,366192E-2
2,704156E-1;2,384432E-2
2,714340E-1;2,403476E-2
2,724178E-1;2,421823E-2
2,734026E-1;2,440374E-2
2,744186E-1;2,459645E-2
2,754036E-1;2,478374E-2
2,764211E-1;2,497861E-2
2,774055E-1;2,516888E-2
2,784219E-1;2,536517E-2
2,794072E-1;2,555744E-2
2,804568E-1;2,576358E-2
2,814746E-1;2,596478E-2
2,824580E-1;2,616043E-2
2,834445E-1;2,635689E-2
2,844611E-1;2,656026E-2
2,854454E-1;2,675925E-2
2,864621E-1;2,696642E-2
2,874456E-1;2,716731E-2
2,884647E-1;2,737642E-2
2,894487E-1;2,758001E-2
2,904661E-1;2,779169E-2
2,914494E-1;2,799728E-2
2,924674E-1;2,821153E-2
2,934517E-1;2,842096E-2
2,944351E-1;2,862987E-2
2,954518E-1;2,884799E-2
2,964353E-1;2,905932E-2
2,974520E-1;2,927993E-2
2,984363E-1;2,949456E-2
2,994531E-1;2,971870E-2
3,004396E-1;2,993603E-2
3,014557E-1;3,016107E-2
3,024396E-1;3,038138E-2
3,034565E-1;3,060998E-2
3,044429E-1;3,083466E-2
3,054268E-1;3,105783E-2
3,064437E-1;3,129062E-2
3,074281E-1;3,151727E-2
3,084455E-1;3,175333E-2
3,094305E-1;3,198387E-2
3,104465E-1;3,222300E-2
3,114311E-1;3,245521E-2
3,124476E-1;3,269609E-2
3,134331E-1;3,293232E-2
3,144174E-1;3,316829E-2
3,154351E-1;3,341538E-2
3,164182E-1;3,365526E-2
3,174370E-1;3,390495E-2
3,184209E-1;3,414756E-2
3,194369E-1;3,439944E-2
3,204869E-1;3,466282E-2
3,214724E-1;3,491085E-2
3,224898E-1;3,516879E-2
3,234745E-1;3,541983E-2
3,244911E-1;3,568040E-2
3,254764E-1;3,593446E-2
3,264602E-1;3,618984E-2
3,274771E-1;3,645606E-2
3,284606E-1;3,671432E-2
3,294708E-1;3,698259E-2
3,304560E-1;3,724514E-2
3,314727E-1;3,751824E-2
3,324579E-1;3,778515E-2
3,334744E-1;3,806115E-2
3,344595E-1;3,833093E-2
3,354759E-1;3,861077E-2
3,364605E-1;3,888383E-2
3,374448E-1;3,915859E-2
3,384635E-1;3,944580E-2
3,394482E-1;3,972438E-2
3,404647E-1;4,001376E-2
3,414488E-1;4,029596E-2
3,424667E-1;4,058893E-2
3,434505E-1;4,087522E-2
3,444681E-1;4,117341E-2
3,454513E-1;4,146237E-2
3,464361E-1;4,175424E-2
3,474545E-1;4,205791E-2
3,484378E-1;4,235407E-2
3,494551E-1;4,266289E-2
3,504390E-1;4,296232E-2
3,514568E-1;4,327461E-2
3,524419E-1;4,357985E-2
3,534590E-1;4,389676E-2
3,544414E-1;4,420447E-2
3,554609E-1;4,452652E-2
3,564450E-1;4,483896E-2
3,574292E-1;4,515370E-2
3,584467E-1;4,548119E-2
3,594311E-1;4,580249E-2
3,604481E-1;4,613479E-2
3,614987E-1;4,648018E-2
3,624811E-1;4,680613E-2
3,634984E-1;4,714605E-2
3,644819E-1;4,747764E-2
3,654997E-1;4,782142E-2
3,664827E-1;4,815760E-2
3,674681E-1;4,849543E-2
3,684856E-1;4,884844E-2
3,694695E-1;4,919114E-2
3,704862E-1;4,954794E-2
3,714711E-1;4,989653E-2
3,724888E-1;5,025982E-2
3,734723E-1;5,061391E-2
3,744897E-1;5,098115E-2
3,754740E-1;5,133915E-2
3,764921E-1;5,171298E-2
3,774762E-1;5,207655E-2
3,784603E-1;5,244465E-2
3,794764E-1;5,282564E-2
3,804628E-1;5,319865E-2
3,814782E-1;5,358526E-2
3,824635E-1;5,396306E-2
3,834807E-1;5,435666E-2
3,844667E-1;5,474069E-2
3,854827E-1;5,513866E-2
3,864681E-1;5,552892E-2
3,874834E-1;5,593382E-2
3,884701E-1;5,633021E-2
3,894542E-1;5,672830E-2
3,904712E-1;5,714335E-2
3,914554E-1;5,754823E-2
3,924723E-1;5,796870E-2
3,934582E-1;5,838037E-2
3,944741E-1;5,880798E-2
3,954587E-1;5,922518E-2
3,964746E-1;5,965780E-2
3,974604E-1;6,008316E-2
3,984797E-1;6,052588E-2
3,994667E-1;6,095777E-2
4,004530E-1;6,139153E-2
4,015067E-1;6,185925E-2
4,025256E-1;6,231662E-2
4,035119E-1;6,276200E-2
4,045300E-1;6,322488E-2
4,055179E-1;6,367907E-2
4,065368E-1;6,414927E-2
4,075243E-1;6,460977E-2
4,085419E-1;6,508917E-2
4,095289E-1;6,555792E-2
4,105152E-1;6,602975E-2
4,115351E-1;6,652109E-2
4,125207E-1;6,700151E-2
4,135399E-1;6,750253E-2
4,145262E-1;6,799196E-2
4,155452E-1;6,850129E-2
4,165327E-1;6,899524E-2
4,175503E-1;6,950816E-2
4,185391E-1;7,001273E-2
4,195575E-1;7,053552E-2
4,205425E-1;7,104489E-2
4,215292E-1;7,155991E-2
4,225497E-1;7,209821E-2
4,235362E-1;7,262442E-2
4,245555E-1;7,317116E-2
4,255420E-1;7,370117E-2
4,265617E-1;7,425457E-2
4,275482E-1;7,479266E-2
4,285676E-1;7,535648E-2
4,295528E-1;7,590665E-2
4,305371E-1;7,646040E-2
4,315573E-1;7,703764E-2
4,325437E-1;7,760200E-2
4,335627E-1;7,819071E-2
4,345494E-1;7,876506E-2
4,355688E-1;7,936370E-2
4,365550E-1;7,994689E-2
4,375742E-1;8,055480E-2
4,385601E-1;8,114877E-2
4,395812E-1;8,176851E-2
4,405663E-1;8,237251E-2
4,416198E-1;8,302117E-2
4,426050E-1;8,363563E-2
4,436255E-1;8,427691E-2
4,446112E-1;8,490156E-2
4,456302E-1;8,555260E-2
4,466156E-1;8,618731E-2
4,476357E-1;8,685105E-2
4,486222E-1;8,749741E-2
4,496413E-1;8,817149E-2
4,506276E-1;8,882909E-2
4,516474E-1;8,951519E-2
4,526341E-1;9,018436E-2
4,536206E-1;9,085956E-2
4,546390E-1;9,156234E-2
4,556261E-1;9,224831E-2
4,566460E-1;9,296557E-2
4,576314E-1;9,366325E-2
4,586516E-1;9,439114E-2
4,596365E-1;9,510036E-2
4,606571E-1;9,583928E-2
4,616441E-1;9,656307E-2
4,626300E-1;9,729066E-2
4,636478E-1;9,804936E-2
4,646288E-1;9,878414E-2
4,656473E-1;9,955599E-2
4,666348E-1;1,003110E-1
4,676530E-1;1,010951E-1
4,686414E-1;1,018604E-1
4,696599E-1;1,026605E-1
4,706471E-1;1,034397E-1
4,716648E-1;1,042512E-1
4,726267E-1;1,050640E-1
4,736128E-1;1,058619E-1
4,746322E-1;1,066909E-1
4,756181E-1;1,075027E-1
4,766372E-1;1,083480E-1
4,776236E-1;1,091703E-1
4,786420E-1;1,100257E-1
4,796279E-1;1,108682E-1
4,806471E-1;1,117366E-1
4,816348E-1;1,125895E-1
4,826864E-1;1,135084E-1
4,837056E-1;1,144016E-1
4,846905E-1;1,152739E-1
4,856775E-1;1,161549E-1
4,866976E-1;1,170688E-1
4,876832E-1;1,179637E-1
4,887020E-1;1,188977E-1
4,896897E-1;1,198061E-1
4,907088E-1;1,207534E-1
4,916959E-1;1,216794E-1
4,927137E-1;1,226403E-1
4,937003E-1;1,235764E-1
4,946866E-1;1,245149E-1
4,957059E-1;1,255014E-1
4,966913E-1;1,264610E-1
4,977082E-1;1,274580E-1
4,986956E-1;1,284327E-1
4,997150E-1;1,294515E-1
5,007006E-1;1,304384E-1
5,017197E-1;1,314698E-1
5,027063E-1;1,324676E-1
5,037263E-1;1,335167E-1
5,047116E-1;1,345372E-1
5,056973E-1;1,355576E-1
5,067176E-1;1,366293E-1
5,077041E-1;1,376725E-1
5,087239E-1;1,387518E-1
5,097091E-1;1,398114E-1
5,107287E-1;1,409082E-1
5,117148E-1;1,419804E-1
5,127345E-1;1,430962E-1
5,137199E-1;1,441822E-1
5,147399E-1;1,453156E-1
5,157256E-1;1,464171E-1
5,167129E-1;1,475309E-1
5,177315E-1;1,486828E-1
5,187190E-1;1,498070E-1
5,197369E-1;1,509783E-1
5,207224E-1;1,521176E-1
5,217419E-1;1,533040E-1
5,227921E-1;1,545302E-1
5,237803E-1;1,556985E-1
5,247992E-1;1,569084E-1
5,257857E-1;1,580855E-1
5,267714E-1;1,592711E-1
5,277922E-1;1,605054E-1
5,287775E-1;1,617051E-1
5,297963E-1;1,629566E-1
5,307823E-1;1,641698E-1
5,318016E-1;1,654326E-1
5,327857E-1;1,666622E-1
5,338033E-1;1,679313E-1
5,347870E-1;1,691781E-1
5,358049E-1;1,704686E-1
5,367893E-1;1,717285E-1
5,377744E-1;1,729896E-1
5,387904E-1;1,743070E-1
5,397759E-1;1,755837E-1
5,407937E-1;1,769124E-1
5,417776E-1;1,782072E-1
5,427945E-1;1,795484E-1
5,437793E-1;1,808583E-1
5,447971E-1;1,822181E-1
5,457811E-1;1,835410E-1
5,467979E-1;1,849180E-1
5,477817E-1;1,862480E-1
5,487669E-1;1,875889E-1
5,497840E-1;1,889844E-1
5,507696E-1;1,903446E-1
5,517855E-1;1,917561E-1
5,527706E-1;1,931301E-1
5,537875E-1;1,945542E-1
5,547721E-1;1,959388E-1
5,557893E-1;1,973721E-1
5,567748E-1;1,987773E-1
5,577589E-1;2,001807E-1
5,587768E-1;2,016443E-1
5,597594E-1;2,030599E-1
5,607775E-1;2,045318E-1
5,617613E-1;2,059693E-1
5,627784E-1;2,074523E-1
5,638279E-1;2,089909E-1
5,648106E-1;2,104384E-1
5,658273E-1;2,119482E-1
5,668122E-1;2,134164E-1
5,678300E-1;2,149370E-1
5,688140E-1;2,164131E-1
5,697986E-1;2,178955E-1
5,708156E-1;2,194398E-1
5,718006E-1;2,209357E-1
5,728164E-1;2,224862E-1
5,738013E-1;2,240004E-1
5,748184E-1;2,255618E-1
5,758029E-1;2,270879E-1
5,768196E-1;2,286648E-1
5,778047E-1;2,302006E-1
5,787887E-1;2,317418E-1
5,798061E-1;2,333398E-1
5,807902E-1;2,348908E-1
5,818078E-1;2,365091E-1
5,827929E-1;2,380715E-1
5,838097E-1;2,396890E-1
5,847927E-1;2,412681E-1
5,858103E-1;2,429000E-1
5,867958E-1;2,444908E-1
5,878110E-1;2,461290E-1
5,887955E-1;2,477328E-1
5,897794E-1;2,493379E-1
5,907989E-1;2,510013E-1
5,917816E-1;2,526181E-1
5,927990E-1;2,542975E-1
5,937822E-1;2,559142E-1
5,948019E-1;2,576135E-1
5,957853E-1;2,592505E-1
5,968024E-1;2,609438E-1
5,977852E-1;2,625920E-1
5,987959E-1;2,642907E-1
5,997816E-1;2,659508E-1
6,007655E-1;2,676125E-1
6,017823E-1;2,693326E-1
6,027672E-1;2,710095E-1
6,038182E-1;2,728040E-1
6,048347E-1;2,745366E-1
6,058185E-1;2,762303E-1
6,068351E-1;2,779785E-1
6,078210E-1;2,796781E-1
6,088390E-1;2,814403E-1
6,098231E-1;2,831475E-1
6,108065E-1;2,848616E-1
6,118258E-1;2,866377E-1
6,128092E-1;2,883536E-1
6,138265E-1;2,901435E-1
6,148099E-1;2,918728E-1
6,158273E-1;2,936693E-1
6,168120E-1;2,954079E-1
6,178289E-1;2,972170E-1
6,188135E-1;2,989720E-1
6,194255E-1;3,000662E-1
6,194268E-1;3,000610E-1
6,194209E-1;3,000613E-1
6,194217E-1;3,000587E-1
6,194217E-1;3,000579E-1
6,194239E-1;3,000585E-1
6,194212E-1;3,000566E-1
6,194223E-1;3,000562E-1
6,194214E-1;3,000563E-1
6,194243E-1;3,000579E-1
6,194237E-1;3,000585E-1
6,194191E-1;3,000575E-1
6,194200E-1;3,000576E-1
6,194193E-1;3,000572E-1
6,194200E-1;3,000610E-1
6,194198E-1;3,000606E-1
6,194179E-1;3,000572E-1
6,194203E-1;3,000587E-1
6,194196E-1;3,000566E-1
6,194194E-1;3,000568E-1
6,194211E-1;3,000580E-1
6,194201E-1;3,000572E-1
6,194212E-1;3,000580E-1
6,194199E-1;3,000549E-1
6,194214E-1;3,000596E-1
6,194211E-1;3,000588E-1
6,194196E-1;3,000560E-1
6,194168E-1;3,000540E-1
6,194181E-1;3,000566E-1
6,194167E-1;3,000585E-1
6,194180E-1;3,000592E-1
6,194171E-1;3,000572E-1
6,194160E-1;3,000537E-1
6,194158E-1;3,000571E-1
6,194161E-1;3,000574E-1
6,194125E-1;3,000524E-1
6,194142E-1;3,000530E-1
6,194113E-1;3,000495E-1
6,194130E-1;3,000510E-1
6,194114E-1;3,000522E-1
6,194098E-1;3,000511E-1
6,194098E-1;3,000517E-1
6,194080E-1;3,000487E-1
6,194110E-1;3,000547E-1
6,194109E-1;3,000495E-1
6,194091E-1;3,000538E-1
6,194115E-1;3,000534E-1
6,194072E-1;3,000508E-1
6,194111E-1;3,000517E-1
6,194110E-1;3,000525E-1
6,194113E-1;3,000532E-1
6,194110E-1;3,000521E-1
6,194085E-1;3,000541E-1
6,194093E-1;3,000500E-1
6,194122E-1;3,000534E-1
6,194105E-1;3,000507E-1
6,194062E-1;3,000499E-1
6,194089E-1;3,000509E-1
6,194066E-1;3,000503E-1
6,194075E-1;3,000543E-1
6,194050E-1;3,000503E-1
6,194049E-1;3,000539E-1
6,194033E-1;3,000545E-1
6,194043E-1;3,000541E-1
6,194027E-1;3,000507E-1
6,194046E-1;3,000553E-1
6,194044E-1;3,000562E-1
6,194043E-1;3,000571E-1
6,194046E-1;3,000618E-1
6,194051E-1;3,000559E-1
6,194041E-1;3,000554E-1
6,194037E-1;3,000564E-1
6,194023E-1;3,000554E-1
6,194042E-1;3,000597E-1
6,194051E-1;3,000576E-1
6,194023E-1;3,000571E-1
6,194050E-1;3,000563E-1
6,194031E-1;3,000572E-1
6,194022E-1;3,000538E-1
6,194014E-1;3,000553E-1
6,194023E-1;3,000605E-1
-9,996418E-2;-9,980204E-3
-8,982560E-2;-9,429825E-3
-7,971577E-2;-8,877271E-3
-6,957353E-2;-8,318586E-3
-5,950185E-2;-7,758304E-3
-4,932833E-2;-7,186442E-3
-3,925195E-2;-6,612987E-3
-2,910950E-2;-6,027729E-3
-1,900248E-2;-5,435045E-3
-8,859106E-3;-4,829456E-3
1,160265E-3;-4,219122E-3
1,130234E-2;-3,587574E-3
2,140992E-2;-2,942376E-3
3,154864E-2;-2,277878E-3
4,165614E-2;-1,596071E-3
5,178190E-2;-8,918109E-4
6,192794E-2;-1,596962E-4
7,201774E-2;5,960303E-4
8,218164E-2;1,386539E-3
9,225632E-2;2,198808E-3
1,023940E-1;3,050945E-3
1,125039E-1;3,938764E-3
1,226448E-1;4,870126E-3
1,327297E-1;5,839383E-3
1,428898E-1;6,863353E-3
1,530186E-1;7,935355E-3
1,631753E-1;9,064781E-3
1,733028E-1;1,025154E-2
1,834458E-1;1,150701E-2
1,935370E-1;1,281963E-2
2,036891E-1;1,421433E-2
2,138148E-1;1,568697E-2
2,239718E-1;1,725017E-2
2,341286E-1;1,890950E-2
2,442536E-1;2,066660E-2
2,544124E-1;2,254330E-2
2,644999E-1;2,453035E-2
2,746397E-1;2,666465E-2
2,847469E-1;2,894332E-2
2,948860E-1;3,139791E-2
3,049920E-1;3,403279E-2
3,151316E-1;3,688769E-2
3,252048E-1;3,996065E-2
3,353381E-1;4,332293E-2
3,454454E-1;4,698608E-2
3,555865E-1;5,102102E-2
3,656900E-1;5,545724E-2
3,758319E-1;6,040129E-2
3,859712E-1;6,592868E-2
3,960449E-1;7,211537E-2
4,062378E-1;7,923499E-2
4,163334E-1;8,733401E-2
4,264939E-1;9,680136E-2
4,365992E-1;1,080660E-1
4,467577E-1;1,212895E-1
4,568518E-1;1,371361E-1
4,670027E-1;1,565956E-1
4,771297E-1;1,805980E-1
4,872881E-1;2,106798E-1
4,974123E-1;2,484508E-1
5,075703E-1;2,965083E-1
5,176623E-1;3,573090E-1
5,278209E-1;4,353510E-1
5,379331E-1;5,342829E-1
5,480728E-1;6,596565E-1
5,582148E-1;8,167748E-1
5,679156E-1;1,000477E+0
5,679067E-1;1,000476E+0
5,679008E-1;1,000463E+0
5,678943E-1;1,000467E+0
5,678906E-1;1,000468E+0
5,678886E-1;1,000471E+0
5,678795E-1;1,000465E+0
5,678747E-1;1,000466E+0
5,678748E-1;1,000471E+0
5,678688E-1;1,000470E+0
5,678654E-1;1,000465E+0
5,678648E-1;1,000474E+0
5,678601E-1;1,000471E+0
5,678590E-1;1,000480E+0
